800013835358942
800013835358944
800013835410364
800013835410199
800013835409823
800013835360143
800013835358927
800013835409861
800013835516563
800013835409812
800013835368285
800013835359153
800013835410576
800013835362722
800013835360139
800013835370135
800013835368809
800013835409848
800013835362695
800013835368877
800013835368572
800013835404899
800013835409554
800013835409957
800013835409987
800013835410240
800013835404969
800013835405010
800013835370070
800013835405023
800013835363635
800013835368571
800013835356614
800013835404317
800013835356663
800013835410231
800013835368783
800013835362721
800013835409734
800013835409894
800013835410105
800013835409951
800013835409978
800013835409977
800013835409976
800013835409979
800013835369032
800013835356998
800013835356700
800013835410223
800013835410230
800013835368621
800013835368637
800013835409557
800013835409587
800013835410069
800013835410383
800013835362581
800013835361483
800013835359058
800013835409852
800013835360108
800013835409895
800013835360157
800013835358945
800013835358990
800013835369104
800013835409855
800013835358956
800013835364311
800013835364178
800013835409353
800013835409867
800013835360121
800013835409858
800013835409527
800013835368942
800013835409757
800013835368941
800013835368940
800013835362723
800013835409842
800013835404292
800013835356594
800013835370003
800013835360230
800013835410250
800013835410373
800013835404266
800013835362503
800013835370069
800013835370068
800013835368864
800013835362745
800013835362744
800013835368838
800013835409731
800013835368859
800013835369001
800013835368506
800013835404966
800013835410278
800013835368873
800013835410302
800013835368872
800013835410380
800013835409730
800013835362518
800013835370066
800013835409970
800013835368441
800013835359019
800013835369002
800013835409697
800013835409815
800013835404271
800013835362508
800013835360772
800013835404967
800013835368547
800013835368504
800013835368946
800013835410354
800013835359027
800013835368604
800013835368570
800013835368928
800013835409780
800013835410073
800013835361931
800013835410307
800013835368854
800013835359149
800013835368639
800013835358982
800013835356530
800013835368876
800013835409354
800013835409562
800013835409634
800013835409990
800013835362607
800013835410557
800013835362533
800013835356659
800013835410238
800013835410235
800013835410279
800013835410335
800013835410356
800013835410377
800013835410366
800013835410363
800013835368383
800013835361534
800013835359036
800013835409550
800013835409548
800013835409540
800013835409583
800013835409563
800013835409640
800013835409626
800013835409601
800013835409594
800013835409714
800013835409710
800013835409802
800013835410063
800013835409952
800013835410565
800013835410558
800013835410569
800013835356959
800013835410222
800013835410243
800013835404998
800013835404996
800013835410352
800013835410402
800013835369965
800013835368787
800013835359108
800013835361448
800013835358983
800013835369294
800013835368824
800013835368823
800013835360228
800013835405012
800013835409369
800013835409546
800013835409665
800013835409611
800013835409721
800013835409707
800013835409799
800013835409807
800013835410057
800013835410161
800013835410543
800013835362505
800013835410267
800013835410273
800013835405015
800013835410344
800013835410342
800013835405020
800013835410338
800013835405014
800013835368784
800013835410644
800013835362724
800013835362651
800013835356553
800013835368829
800013835368814
800013835359061
800013835409372
800013835404910
800013835404916
800013835409362
800013835409368
800013835404920
800013835409363
800013835405003
800013835405005
800013835409809
800013835361536
800013835361522
800013835368766
800013835368705
800013835364476
800013835369880
800013835369993
800013835369992
800013835369990
800013835369988
800013835369986
800013835369997
800013835369984
800013835369982
800013835369981
800013835369979
800013835369978
800013835368338
800013835369961
800013835369959
800013835363585
800013835361520
800013835369940
800013835363642
800013835363638
800013835363637
800013835363622
800013835363620
800013835368497
800013835368780
800013835369105
800013835368865
800013835368861
800013835369177
800013835369176
800013835368455
800013835368796
800013835369173
800013835368795
800013835362060
800013835361862
800013835361859
800013835361860
800013835359881
800013835360093
800013835368555
800013835359936
800013835360126
800013835368999
800013835359002
800013835409862
800013835368805
800013835356992
800013835409778
800013835410076
800013835410281
800013835409719
800013835409728
800013835368989
800013835364168
800013835410198
800013835410099
800013835358865
800013835410244
800013835409843
800013835409860
800013835359777
800013835409877
800013835409859
800013835364036
800013835358999
800013835369157
800013835364166
800013835360115
800013835359948
800013835363588
800013835368803
800013835368878
800013835369158
800013835358987
800013835363847
800013835359853
800013835358917
800013835363611
800013835410610
800013835369165
800013835369211
800013835362525
800013835369162
800013835410629
800013835409410
800013835370206
800013835362483
800013835363636
800013835369163
800013835410630
800013835368488
800013835362378
800013835358988
800013835358937
800013835409357
800013835409358
800013835369103
800013835362284
800013835410303
800013835410301
800013835410274
800013835362766
800013835410154
800013835363645
800013835369962
800013835369960
800013835369000
800013835405004
800013835361429
800013835368851
800013835369953
800013835362553
800013835370146
800013835363694
800013835404932
800013835369043
800013835360140
800013835359956
800013835363601
800013835362270
800013835368998
800013835410234
800013835362719
800013835410498
800013835361356
800013835360728
800013835368785
800013835362288
800013835362515
800013835410358
800013835359035
800013835363584
800013835410583
800013835410627
800013835410247
800013835409759
800013835359089
800013835368638
800013835359128
800013835362422
800013835362481
800013835369041
800013835410495
800013835368963
800013835362171
800013835361344
800013835361870
800013835362688
800013835362738
800013835369169
800013835364278
800013835369164
800013835409953
800013835363633
800013835369947
800013835369995
800013835410603
800013835410368
800013835409401
800013835410607
800013835410415
800013835410631
800013835370048
800013835404985
800013835410374
800013835362382
800013835360820
800013835358702
800013835358742
800013835409995
800013835368970
800013835410450
800013835362133
800013835362737
800013835410313
800013835410237
800013835362585
800013835409424
800013835358628
800013835358808
800013835358818
800013835362421
800013835410263
800013835368380
800013835410318
800013835410638
800013835362366
800013835368439
800013835362736
800013835361717
800013835369159
800013835361218
800013835362709
800013835359151
800013835409992
800013835404912
800013835361473
800013835363680
800013835409373
800013835409409
800013835404937
800013835362401
800013835410502
800013835360841
800013835410464
800013835362260
800013835361348
800013835359689
800013835370002
800013835362417
800013835410315
800013835361493
800013835410359
800013835410282
800013835409402
800013835362104
800013835368425
800013835362272
800013835370179
800013835410457
800013835369003
800013835362447
800013835409982
800013835368412
800013835362348
800013835368990
800013835368656
800013835362346
800013835356695
800013835410483
800013835360785
800013835410491
800013835362262
800013835362194
800013835362175
800013835410449
800013835358700
800013835362123
800013835359109
800013835410381
800013835368858
800013835362564
800013835370200
800013835362550
800013835362423
800013835409631
800013835404983
800013835410208
800013835410085
800013835410082
800013835364421
800013835369010
800013835410586
800013835368696
800013835410269
800013835410239
800013835410218
800013835369886
800013835409423
800013835370152
800013835410499
800013835363684
800013835368960
800013835410624
800013835410622
800013835409359
800013835409749
800013835360643
800013835410314
800013835405024
800013835356613
800013835362332
800013835362297
800013835362197
800013835362309
800013835410455
800013835410453
800013835362224
800013835364019
800013835361458
800013835410408
800013835410369
800013835410337
800013835370156
800013835362472
800013835360859
800013835362450
800013835410326
800013835368454
800013835410362
800013835410233
800013835409715
800013835404919
800013835409397
800013835370007
800013835362329
800013835362303
800013835362353
800013835404903
800013835362622
800013835356971
800013835368866
800013835359158
800013835368862
800013835369172
800013835361858
800013835362018
800013835362000
800013835368415
800013835362013
800013835362047
800013835362045
800013835368411
800013835361863
800013835361855
800013835361911
800013835362068
800013835361958
800013835361903
800013835361907
800013835361885
800013835361945
800013835361866
800013835361943
800013835361938
800013835361886
800013835361933
800013835361543
800013835368442
800013835361498
800013835368381
800013835368379
800013835368443
800013835361480
800013835361445
800013835361437
800013835361434
800013835361452
800013835361530
800013835361449
800013835361432
800013835359713
800013835359696
800013835358991
800013835358989
800013835359830
800013835359745
800013835359728
800013835359823
800013835359737
800013835359755
800013835359726
800013835359731
800013835359730
800013835359757
800013835359770
800013835359812
800013835359847
800013835359832
800013835362618
800013835362597
800013835358995
800013835356531
800013835356539
800013835356627
800013835368793
800013835356626
800013835368788
800013835369309
800013835368850
800013835368786
800013835362624
800013835369308
800013835368520
800013835359844
800013835359845
800013835359779
800013835359784
800013835359846
800013835359795
800013835359780
800013835359778
800013835359975
800013835359894
800013835359873
800013835356589
800013835356591
800013835359811
800013835359824
800013835359809
800013835359916
800013835362697
800013835362681
800013835362727
800013835358940
800013835359857
800013835359855
800013835359859
800013835359862
800013835358933
800013835359913
800013835359889
800013835358932
800013835359960
800013835359931
800013835359893
800013835359725
800013835359751
800013835359763
800013835359724
800013835359961
800013835359930
800013835359910
800013835368516
800013835368583
800013835368549
800013835368548
800013835368546
800013835368545
800013835368541
800013835368540
800013835368576
800013835368569
800013835359032
800013835368567
800013835368566
800013835368565
800013835368564
800013835368563
800013835368562
800013835368560
800013835368559
800013835368526
800013835368558
800013835368556
800013835360097
800013835360098
800013835360087
800013835368606
800013835368554
800013835358996
800013835358967
800013835360092
800013835360069
800013835360078
800013835360106
800013835360103
800013835360067
800013835360072
800013835360074
800013835358998
800013835360075
800013835360071
800013835360077
800013835360076
800013835360109
800013835360090
800013835368552
800013835360089
800013835360107
800013835360133
800013835472309
800013835360134
800013835359907
800013835359900
800013835359912
800013835368954
800013835360163
800013835360160
800013835360131
800013835471763
800013835360158
800013835360159
800013835360128
800013835472044
800013835360130
800013835360132
800013835360124
800013835360118
800013835360110
800013835360112
800013835360120
800013835360119
800013835360111
800013835360114
800013835360192
800013835360199
800013835360200
800013835360197
800013835362610
800013835359053
800013835359045
800013835359876
800013835359940
800013835362594
800013835360196
800013835360154
800013835360162
800013835360152
800013835360161
800013835369816
800013835360166
800013835369815
800013835369814
800013835369813
800013835369900
800013835362726
800013835362641
800013835359133
800013835359161
800013835358924
800013835359958
800013835362593
800013835362620
800013835362573
800013835362633
800013835359966
800013835359950
800013835362725
800013835362554
800013835362630
800013835362627
800013835362626
800013835359076
800013835362694
800013835356583
800013835356585
800013835356593
800013835356584
800013835356597
800013835359933
800013835359943
800013835359144
800013835362720
800013835359081
800013835356607
800013835356606
800013835356605
800013835368875
800013835360125
800013835368874
800013835360234
800013835360219
800013835359924
800013835359911
800013835359929
800013835359909
800013835359868
800013835369295
800013835360164
800013835360122
800013835360123
800013835368870
800013835368869
800013835359954
800013835359938
800013835359890
800013835359870
800013835368584
800013835359883
800013835369812
800013835368588
800013835368587
800013835368586
800013835368585
800013835358925
800013835359937
800013835359953
800013835358966
800013835359925
800013835368542
800013835358938
800013835368527
800013835368539
800013835368538
800013835368503
800013835368537
800013835368536
800013835358926
800013835368575
800013835358943
800013835368574
800013835358928
800013835368535
800013835368573
800013835368534
800013835368509
800013835368508
800013835358950
800013835358946
800013835368533
800013835368589
800013835368532
800013835368529
800013835368515
800013835368557
800013835368514
800013835368629
800013835368628
800013835368511
800013835359888
800013835359028
800013835359899
800013835360027
800013835359056
800013835359066
800013835359063
800013835359017
800013835359054
800013835359046
800013835368513
800013835368512
800013835368505
800013835359020
800013835368636
800013835368577
800013835362523
800013835358981
800013835359877
800013835358994
800013835359920
800013835359922
800013835362718
800013835360028
800013835356528
800013835360022
800013835359863
800013835358979
800013835360024
800013835360049
800013835356548
800013835360014
800013835360050
800013835356546
800013835356545
800013835356544
800013835360041
800013835360104
800013835359021
800013835360040
800013835358968
800013835360037
800013835362664
800013835362655
800013835360038
800013835358975
800013835360033
800013835362654
800013835362659
800013835362691
800013835356533
800013835356541
800013835356540
800013835360044
800013835360086
800013835359006
800013835359996
800013835360000
800013835359005
800013835360061
800013835360018
800013835360020
800013835360017
800013835358962
800013835359992
800013835362742
800013835359991
800013835359997
800013835359984
800013835359994
800013835358951
800013835359981
800013835360105
800013835360005
800013835360085
800013835362698
800013835362728
800013835362696
800013835362673
800013835362649
800013835360036
800013835368852
800013835362739
800013835360007
800013835362708
800013835360102
800013835360002
800013835360057
800013835360009
800013835361710
800013835362702
800013835360047
800013835360048
800013835360058
800013835361757
800013835360054
800013835362669
800013835362732
800013835360035
800013835362729
800013835362730
800013835362705
800013835362701
800013835360001
800013835362751
800013835360006
800013835360099
800013835358939
800013835362750
800013835362565
800013835362748
800013835360141
800013835360138
800013835368849
800013835368848
800013835368847
800013835368846
800013835368845
800013835368844
800013835368843
800013835368842
800013835368841
800013835356537
800013835356596
800013835356577
800013835356573
800013835368840
800013835356612
800013835369809
800013835368836
800013835356555
800013835356554
800013835356529
800013835356552
800013835356551
800013835368834
800013835368833
800013835368832
800013835368831
800013835368830
800013835368828
800013835368827
800013835368826
800013835368822
800013835368821
800013835368820
800013835368819
800013835368818
800013835368817
800013835368816
800013835368815
800013835368937
800013835368812
800013835368811
800013835368936
800013835368935
800013835360155
800013835368934
800013835368933
800013835368932
800013835368931
800013835368930
800013835368929
800013835362747
800013835362746
800013835368531
800013835368530
800013835369808
800013835369807
800013835359057
800013835368800
800013835356572
800013835368799
800013835359059
800013835360149
800013835359055
800013835368798
800013835360148
800013835360217
800013835360216
800013835360212
800013835360211
800013835368598
800013835368597
800013835360210
800013835368596
800013835360144
800013835368595
800013835361435
800013835359064
800013835359062
800013835368797
800013835368517
800013835409377
800013835409365
800013835409360
800013835368452
800013835368409
800013835361484
800013835361998
800013835361990
800013835361987
800013835362049
800013835362019
800013835361861
800013835361850
800013835361951
800013835361865
800013835361953
800013835361884
800013835361882
800013835361912
800013835361875
800013835361854
800013835368451
800013835364433
800013835356536
800013835356543
800013835360045
800013835356547
800013835360080
800013835360043
800013835356542
800013835362660
800013835362662
800013835362665
800013835362716
800013835362679
800013835362692
800013835362657
800013835362714
800013835362650
800013835362653
800013835362715
800013835358960
800013835360052
800013835360051
800013835362678
800013835360016
800013835360053
800013835361703
800013835362704
800013835362690
800013835359011
800013835362687
800013835359010
800013835362741
800013835359986
800013835362683
800013835362677
800013835362735
800013835362672
800013835362706
800013835361688
800013835358992
800013835361824
800013835362707
800013835362700
800013835361828
800013835360055
800013835360096
800013835359993
800013835360088
800013835359995
800013835360004
800013835360019
800013835360095
800013835360032
800013835362614
800013835362591
800013835359917
800013835359942
800013835359934
800013835359949
800013835359908
800013835359926
800013835362577
800013835362574
800013835359974
800013835359885
800013835359959
800013835359892
800013835359775
800013835359722
800013835359836
800013835359738
800013835359818
800013835359825
800013835359828
800013835359843
800013835359827
800013835359753
800013835359758
800013835359761
800013835359819
800013835359723
800013835359741
800013835359774
800013835359837
800013835359850
800013835359771
800013835359808
800013835359821
800013835359797
800013835359849
800013835359790
800013835359701
800013835359672
800013835359674
800013835359614
800013835359604
800013835359688
800013835359596
800013835359746
800013835359729
800013835359816
800013835359727
800013835359766
800013835359750
800013835359616
800013835359660
800013835359612
800013835359679
800013835359602
800013835359631
800013835359681
800013835359656
800013835359597
800013835359622
800013835359621
800013835369315
800013835369258
800013835369312
800013835369260
800013835359098
800013835359146
800013835369263
800013835369265
800013835361481
800013835361430
800013835361535
800013835369155
800013835369154
800013835359106
800013835361427
800013835361431
800013835361532
800013835368790
800013835369161
800013835369171
800013835368810
800013835369214
800013835359147
800013835368860
800013835368794
800013835368856
800013835369178
800013835368781
800013835369174
800013835363640
800013835360025
800013835362656
800013835356535
800013835356532
800013835362661
800013835362666
800013835360039
800013835360063
800013835362658
800013835362713
800013835361732
800013835361733
800013835362684
800013835362685
800013835362710
800013835361729
800013835362667
800013835362682
800013835361699
800013835360059
800013835362733
800013835360066
800013835360030
800013835358953
800013835360065
800013835360064
800013835359998
800013835359983
800013835359985
800013835360060
800013835360056
800013835360023
800013835359865
800013835359884
800013835359957
800013835359874
800013835359886
800013835359946
800013835359965
800013835359962
800013835359952
800013835359901
800013835359947
800013835359860
800013835359964
800013835359903
800013835359968
800013835359955
800013835359914
800013835359967
800013835359896
800013835362675
800013835359972
800013835359979
800013835359976
800013835359971
800013835362619
800013835362601
800013835359921
800013835359935
800013835359871
800013835362582
800013835362595
800013835359887
800013835359826
800013835359740
800013835359735
800013835359839
800013835359814
800013835359794
800013835359739
800013835359747
800013835359760
800013835359807
800013835359848
800013835359834
800013835359813
800013835361440
800013835361444
800013835361439
800013835369168
800013835409367
800013835409355
800013835359015
800013835361523
800013835361544
800013835410587
800013835410588
800013835368280
800013835368337
800013835471373
800013835471134
800013835410589
800013835360904
800013835368707
800013835370131
800013835361525
800013835410582
800013835358931
800013835358934
800013835358948
800013835359007
800013835359040
800013835358986
800013835358977
800013835358930
800013835358993
800013835359034
800013835359042
800013835359009
800013835358929
800013835359014
800013835358963
800013835358959
800013835359018
800013835358952
800013835359944
800013835358973
800013835359838
800013835359915
800013835359798
800013835359773
800013835359748
800013835358882
800013835359796
800013835358899
800013835358897
800013835358880
800013835358906
800013835358916
800013835358903
800013835363592
800013835361450
800013835361459
800013835361424
800013835368449
800013835368466
800013835368367
800013835368369
800013835368375
800013835368366
800013835368390
800013835368405
800013835368430
800013835368406
800013835368407
800013835368487
800013835368501
800013835363594
800013835368489
800013835368477
800013835363598
800013835363599
800013835368494
800013835368482
800013835363602
800013835363603
800013835368499
800013835368492
800013835363625
800013835363606
800013835368322
800013835368483
800013835363627
800013835363628
800013835363630
800013835363632
800013835363615
800013835363617
800013835363618
800013835363634
800013835363639
800013835363643
800013835363646
800013835363648
800013835361538
800013835363576
800013835363582
800013835363586
800013835363578
800013835369967
800013835369969
800013835369976
800013835369963
800013835369949
800013835369951
800013835368291
800013835368329
800013835370198
800013835359552
800013835360956
800013835360809
800013835471493
800013835360828
800013835465892
800013835410597
800013835410599
800013835410600
800013835360833
800013835410602
800013835361516
800013835361518
800013835356549
800013835360010
800013835362663
800013835360021
800013835360062
800013835361761
800013835359990
800013835362712
800013835360083
800013835362734
800013835362676
800013835362671
800013835359023
800013835360046
800013835360091
800013835360015
800013835359988
800013835360042
800013835359895
800013835359902
800013835359898
800013835359918
800013835359872
800013835359856
800013835359861
800013835359878
800013835359941
800013835359970
800013835359880
800013835362668
800013835359973
800013835362711
800013835362670
800013835362613
800013835359928
800013835359904
800013835359879
800013835362632
800013835359732
800013835359742
800013835359799
800013835359754
800013835359841
800013835359852
800013835359851
800013835359817
800013835359792
800013835359678
800013835359706
800013835359700
800013835359644
800013835359764
800013835359695
800013835359657
800013835359684
800013835359619
800013835359638
800013835369259
800013835369313
800013835359110
800013835369264
800013835361443
800013835368867
800013835368804
800013835368855
800013835368789
800013835359163
800013835361504
800013835409371
800013835360034
800013835358923
800013835359025
800013835358922
800013835363580
800013835363579
800013835359815
800013835358872
800013835358895
800013835358912
800013835358875
800013835361456
800013835361485
800013835362002
800013835362015
800013835361851
800013835361908
800013835368448
800013835368447
800013835361526
800013835368417
800013835368437
800013835368368
800013835368424
800013835368384
800013835368464
800013835368469
800013835368470
800013835368365
800013835368435
800013835368490
800013835368480
800013835363614
800013835363647
800013835369980
800013835369987
800013835369883
800013835369885
800013835369888
800013835369890
800013835369810
800013835356599
800013835356667
800013835368306
800013835356708
800013835368281
800013835368333
800013835368977
800013835368308
800013835471603
800013835368307
800013835361540
800013835356945
800013835368736
800013835361494
800013835368708
800013835409415
800013835410612
800013835410613
800013835410615
800013835409416
800013835409412
800013835409419
800013835409420
800013835404905
800013835409411
800013835409392
800013835409400
800013835409398
800013835409396
800013835409391
800013835409399
800013835409387
800013835409381
800013835409389
800013835409378
800013835409380
800013835409375
800013835409382
800013835409386
800013835409383
800013835410604
800013835410616
800013835410605
800013835409388
800013835410608
800013835410617
800013835410618
800013835410619
800013835404944
800013835404935
800013835404946
800013835404938
800013835404923
800013835404930
800013835404922
800013835404921
800013835409366
800013835409451
800013835409442
800013835404973
800013835404972
800013835404964
800013835404982
800013835404978
800013835404971
800013835404959
800013835404952
800013835404955
800013835404960
800013835404957
800013835404953
800013835404949
800013835404950
800013835404948
800013835404947
800013835404956
800013835404941
800013835404945
800013835404942
800013835409449
800013835409444
800013835409455
800013835409448
800013835409445
800013835409435
800013835409426
800013835409439
800013835409427
800013835409438
800013835409433
800013835409436
800013835409440
800013835409437
800013835409431
800013835409432
800013835409428
800013835409434
800013835409408
800013835409421
800013835409422
800013835410639
800013835410636
800013835410640
800013835410641
800013835410637
800013835410642
800013835410643
800013835410620
800013835410621
800013835410623
800013835410633
800013835410634
800013835410635
800013835410628
800013835362041
800013835410590
800013835368709
800013835358867
800013835363604
800013835410382
800013835410221
800013835358955
800013835359067
800013835410387
800013835362693
800013835471971
800013835410260
800013835410407
800013835368603
800013835368623
800013835410255
800013835368839
800013835409356
800013835368461
800013835361496
800013835409846
800013835409849
800013835368436
800013835516562
800013835409850
800013835410632
800013835369156
800013835362381
800013835369213
800013835368802
800013835410585
800013835404900
800013835360827
800013835359143
800013835361423
800013835369167
800013835363621
800013835405021
800013835362355
800013835369942
800013835410584
800013835361464
800013835361442
800013835361354
800013835409394
800013835409404
800013835362222
800013835410350
800013835369971
800013835410067
800013835362394
800013835356657
800013835357003
800013835410451
800013835361349
800013835359626
800013835364385
800013835370148
800013835359118
800013835410299
800013835409845
800013835362273
800013835370151
800013835369160
800013835368863
800013835362001
800013835362016
800013835362048
800013835361905
800013835368404
800013835361447
800013835361460
800013835361454
800013835359026
800013835359743
800013835359833
800013835359840
800013835359806
800013835362680
800013835369823
800013835356538
800013835359786
800013835359782
800013835362571
800013835362612
800013835356588
800013835356587
800013835359800
800013835359791
800013835359867
800013835359906
800013835368544
800013835368543
800013835368521
800013835368568
800013835368561
800013835360100
800013835360073
800013835360068
800013835368607
800013835368524
800013835360082
800013835360101
800013835360070
800013835360079
800013835368553
800013835368955
800013835359044
800013835472249
800013835360113
800013835360117
800013835360116
800013835360205
800013835360206
800013835360203
800013835359939
800013835356586
800013835362611
800013835362625
800013835362616
800013835359882
800013835359989
800013835360029
800013835362740
800013835362689
800013835362749
800013835362731
800013835360003
800013835360012
800013835360031
800013835362617
800013835362570
800013835359978
800013835359734
800013835359749
800013835359765
800013835359854
800013835359752
800013835359781
800013835359783
800013835359835
800013835359788
800013835359793
800013835359787
800013835368528
800013835359785
800013835359687
800013835359697
800013835359676
800013835359762
800013835359711
800013835369262
800013835361441
800013835359759
800013835362743
800013835359923
800013835359897
800013835359822
800013835359618
800013835409865
800013835368465
800013835356590
800013835369958
800013835362292
800013835471437
800013835410454
800013835361338
800013835363683
800013835363697
800013835471387
800013835368923
800013835368609
800013835409450
800013835404979
800013835404951
800013835404934
800013835409443
800013835409453
800013835409429
800013835410626
800013835409406
800013835409414
800013835409418
800013835409417
800013835404904
800013835409405
800013835409403
800013835409393
800013835409390
800013835409395
800013835409374
800013835409385
800013835409379
800013835409384
800013835404936
800013835404931
800013835404933
800013835356550
800013835362686
800013835362699
800013835359999
800013835359927
800013835362674
800013835359969
800013835359977
800013835359951
800013835359945
800013835359804
800013835359829
800013835359767
800013835359677
800013835359641
800013835359733
800013835359686
800013835359629
800013835359649
800013835359673
800013835369261
800013835369210
800013835359085
800013835369170
800013835368918
800013835369175
800013835410372
800013835410227
800013835404318
800013835409856
800013835409748
800013835405006
800013835404901
800013835404906
800013835409370
800013835360026
800013835360084
800013835360011
800013835358970
800013835359003
800013835358941
800013835358965
800013835358947
800013835358936
800013835358997
800013835359001
800013835359012
800013835358964
800013835359031
800013835358969
800013835359039
800013835359038
800013835358974
800013835359769
800013835359963
800013835359831
800013835358884
800013835359802
800013835363589
800013835361461
800013835361422
800013835361433
800013835361528
800013835362022
800013835361904
800013835368440
800013835368453
800013835368444
800013835368391
800013835368450
800013835368459
800013835368432
800013835368371
800013835368395
800013835368426
800013835368416
800013835368457
800013835368393
800013835368474
800013835368475
800013835368421
800013835368400
800013835368397
800013835368399
800013835368463
800013835368394
800013835368382
800013835368387
800013835368389
800013835368472
800013835368398
800013835368364
800013835368376
800013835368363
800013835368374
800013835368370
800013835368429
800013835368485
800013835368479
800013835368484
800013835368481
800013835363593
800013835363595
800013835363596
800013835368493
800013835368500
800013835363605
800013835363624
800013835368498
800013835363626
800013835363609
800013835368293
800013835363629
800013835363631
800013835363613
800013835363583
800013835368283
800013835369946
800013835369948
800013835369954
800013835369943
800013835369957
800013835369966
800013835368295
800013835358883
800013835369977
800013835369983
800013835369996
800013835369989
800013835369881
800013835369887
800013835369801
800013835369817
800013835369820
800013835356727
800013835364566
800013835370199
800013835356689
800013835361690
800013835410595
800013835368278
800013835368328
800013835471940
800013835360971
800013835471135
800013835368327
800013835362568
800013835368706
800013835363679
800013835361453
800013835361465
800013835368978
800013835410592
800013835362640
800013835404977
800013835404981
800013835404962
800013835404958
800013835404954
800013835409446
800013835409457
800013835409430
800013835409413
800013835410625
800013835410609
800013835410611
800013835410614
800013835409376
800013835410606
800013835404940
800013835404918
800013835404917
800013835404927
800013835356534
800013835362717
800013835359041
800013835358958
800013835361708
800013835359982
800013835361706
800013835359864
800013835359905
800013835359932
800013835359891
800013835359858
800013835359869
800013835359875
800013835359768
800013835359736
800013835359776
800013835359801
800013835359789
800013835359842
800013835359718
800013835359704
800013835359648
800013835359744
800013835359627
800013835359607
800013835359685
800013835359634
800013835359720
800013835359645
800013835369257
800013835359134
800013835369212
800013835361451
800013835368813
800013835359079
800013835405007
800013835409364
800013835359065
800013835360008
800013835360013
800013835358980
800013835358961
800013835358935
800013835358976
800013835359016
800013835358972
800013835359004
800013835359772
800013835358871
800013835359820
800013835358874
800013835358873
800013835358892
800013835358868
800013835363590
800013835361457
800013835361856
800013835361901
800013835361928
800013835361853
800013835368471
800013835368438
800013835368456
800013835368427
800013835368462
800013835368401
800013835368428
800013835368486
800013835368496
800013835363600
800013835368495
800013835363607
800013835363608
800013835363619
800013835363641
800013835363650
800013835363577
800013835363581
800013835363587
800013835363591
800013835369968
800013835369964
800013835369944
800013835369945
800013835368304
800013835369991
800013835369879
800013835369882
800013835369884
800013835369889
800013835369891
800013835369798
800013835369913
800013835369818
800013835369819
800013835369821
800013835369822
800013835369811
800013835404961
800013835409454
800013835409425
800013835409407
800013835362652
800013835359980
800013835359987
800013835359919
800013835359803
800013835359810
800013835359595
800013835369314
800013835369166
800013835409361
800013835359008
800013835358985
800013835361436
800013835362036
800013835356726
800013835361527
800013835368418
800013835368385
800013835368373
800013835368420
800013835368377
800013835363597
800013835368491
800013835363610
800013835369985
800013835404939
800013835404943
800013835359866
800013835359712
800013835359756
800013835368792
800013835405011
800013835358949
800013835358957
800013835358978
800013835358954
800013835361939
800013835368431
800013835363616
800013835363649
800013835369950
800013835363623
800013835362703
800013835361993
800013835361944
800013835368372
800013835363612